Data          Hora     Bar   Temp_atual       Temp_med         Temp_min        Temp_max        Press_atual     Press_med      Press_min       Press_max
2024-10-23   03:00:00   2     26.67		26.73		26.67		26.81		937.02		937.10		936.92		937.37
2024-10-23   04:00:00   2     26.55		26.60		26.53		26.81		937.50		937.23		936.83		937.63
2024-10-23   05:00:00   2     26.44		26.49		26.44		26.81		938.11		937.83		936.83		938.14
2024-10-23   06:00:00   2     26.36		26.40		26.34		26.81		938.84		938.33		936.83		938.84
2024-10-23   07:00:00   2     26.22		26.30		26.22		26.81		939.49		939.09		936.83		939.61
2024-10-23   08:00:00   2     26.10		26.16		26.10		26.81		939.86		940.12		936.83		940.55
2024-10-23   09:00:00   2     25.98		26.05		25.98		26.81		939.45		940.17		936.83		940.72
2024-10-23   10:00:00   2     25.84		25.92		25.84		26.81		937.72		938.51		936.83		940.72
2024-10-23   11:00:00   2     25.74		25.79		25.74		26.81		937.44		937.59		936.83		940.72
2024-10-23   12:00:00   2     25.67		25.70		25.65		26.81		937.42		937.23		936.83		940.72
2024-10-23   13:00:00   2     25.55		25.62		25.55		26.81		936.51		936.91		936.45		940.72
2024-10-23   14:00:00   2     25.48		25.52		25.46		26.81		936.59		936.42		936.26		940.72
2024-10-23   15:00:00   2     25.40		25.43		25.38		26.81		936.14		936.34		936.11		940.72
2024-10-23   16:00:00   2     25.38		25.37		25.36		26.81		937.09		936.52		936.08		940.72
2024-10-23   17:00:00   2     25.48		25.43		25.36		26.81		937.77		937.46		936.08		940.72
2024-10-23   18:00:00   2     25.33		25.24		24.95		26.81		938.18		937.77		936.08		940.72
2024-10-23   19:00:00   2     25.07		25.21		25.02		25.34		939.00		931.51		-734.90		939.15
2024-10-23   20:00:00   2     25.09		25.11		24.91		25.34		937.56		935.13		-734.90		939.17
2024-10-23   21:00:00   2     25.76		25.73		25.67		25.77		936.78		936.84		936.72		936.99
2024-10-23   22:00:00   2     26.46		26.12		25.67		26.48		935.87		936.34		935.83		936.99
2024-10-23   23:00:00   2     27.29		27.03		25.67		27.49		934.46		935.28		934.39		936.99
2024-10-24   00:00:00   2     27.66		27.66		25.67		27.94		932.56		933.68		932.56		936.99
2024-10-24   01:00:00   2     28.25		28.11		27.92		28.49		931.81		931.90		931.57		932.34
2024-10-24   02:00:00   2     28.32		28.45		27.92		28.83		931.73		931.76		931.51		932.34
