Data          Hora     Bar   Temp_atual       Temp_med         Temp_min        Temp_max        Press_atual     Press_med      Press_min       Press_max
2024-10-23   03:00:00   1     27.06		27.11		26.84		27.58		939.31		939.25		938.30		941.66
2024-10-23   04:00:00   1     26.94		27.01		26.76		27.59		939.38		939.47		938.30		942.12
2024-10-23   05:00:00   1     26.83		26.93		26.71		27.63		940.33		940.08		938.30		942.59
2024-10-23   06:00:00   1     26.69		26.82		26.55		27.63		940.95		940.57		938.30		942.89
2024-10-23   07:00:00   1     26.57		26.69		26.43		27.63		942.00		941.33		938.30		944.71
2024-10-23   08:00:00   1     26.48		26.53		26.14		27.63		942.52		942.37		938.30		945.80
2024-10-23   09:00:00   1     26.38		26.40		26.14		27.63		941.95		942.40		938.30		945.80
2024-10-23   10:00:00   1     26.12		26.28		25.92		27.63		939.55		940.74		938.30		945.80
2024-10-23   11:00:00   1     26.19		26.07		25.88		27.63		939.97		939.82		938.30		945.80
2024-10-23   12:00:00   1     25.87		25.98		25.63		27.63		939.58		939.46		937.87		945.80
2024-10-23   13:00:00   1     25.83		25.93		25.63		27.63		938.64		939.15		937.74		945.80
2024-10-23   14:00:00   1     25.76		25.76		25.56		27.63		938.81		938.67		937.49		945.80
2024-10-23   15:00:00   1     25.46		25.67		25.47		27.63		938.84		938.59		937.40		945.80
2024-10-23   16:00:00   1     25.75		25.61		25.41		27.63		939.55		938.64		937.38		945.80
2024-10-23   17:00:00   1     25.90		25.78		25.41		27.63		939.83		939.58		937.38		945.80
2024-10-23   18:00:00   1     25.80		25.47		25.03		27.63		940.61		940.05		937.38		945.80
2024-10-23   19:00:00   1     25.10		25.45		24.94		26.16		940.99		933.45		-690.08		943.42
2024-10-23   20:00:00   1     25.20		25.31		24.93		26.16		939.34		937.24		-690.08		943.78
2024-10-23   21:00:00   1     26.19		26.22		26.04		26.65		939.19		939.10		938.41		940.61
2024-10-23   22:00:00   1     26.93		26.61		26.04		27.49		937.80		938.63		937.36		940.63
2024-10-23   23:00:00   1     27.78		27.55		26.04		28.45		936.33		937.53		936.05		940.63
2024-10-24   00:00:00   1     28.11		28.21		26.04		28.96		934.48		935.99		934.11		940.63
2024-10-24   01:00:00   1     29.13		28.78		28.36		29.75		934.46		934.17		933.23		936.52
2024-10-24   02:00:00   1     28.93		29.16		28.36		29.83		933.80		934.01		933.14		936.52
2024-10-24   03:00:00   1     27.70		28.45		27.61		29.83		933.94		933.88		932.83		936.52
2024-10-24   04:00:00   1     27.32		27.51		27.12		29.83		935.70		934.92		932.83		937.13
2024-10-24   05:00:00   1     26.86		27.10		26.65		29.83		940.10		937.12		932.83		941.46
2024-10-24   06:00:00   1     26.60		26.72		26.48		29.83		937.51		938.48		932.83		941.46
2024-10-24   07:00:00   1     26.47		26.55		26.33		29.83		940.55		939.01		932.83		941.85
2024-10-24   08:00:00   1     26.28		26.34		26.09		29.83		938.28		938.62		932.83		941.85
2024-10-24   09:00:00   1     25.99		26.22		25.95		29.83		937.37		938.48		932.83		941.85
2024-10-24   10:00:00   1     25.97		27.25		25.66		29.83		937.73		936.72		932.83		941.85
2024-10-24   11:00:00   1     25.71		25.92		25.49		29.83		936.88		937.70		932.83		941.85
2024-10-24   12:00:00   1     25.46		25.62		25.32		29.83		936.71		936.88		932.83		941.85
2024-10-24   13:00:00   1     25.54		25.50		25.23		29.83		937.45		936.91		932.83		941.85
2024-10-24   14:00:00   1     25.44		25.40		25.18		29.83		938.03		937.16		932.83		941.85
2024-10-24   15:00:00   1     25.29		25.37		25.10		29.83		938.53		939.12		932.83		942.12
2024-10-24   16:00:00   1     25.20		25.21		24.98		29.83		938.38		938.68		932.83		942.12
2024-10-24   17:00:00   1     24.93		25.19		24.91		29.83		939.23		938.50		932.83		942.12
